   0.369   -0.844    0.389   -0.739   -0.013    0.673   -0.563   -0.535   -0.629   58.200  -11.354   42.477      1
  -0.734    0.628    0.258   -0.136    0.236   -0.962   -0.666   -0.741   -0.088   34.200  -17.354    4.077      2
   0.152   -0.988    0.000    0.540    0.083    0.837   -0.828   -0.128    0.546   57.000   30.646   17.277      3
   0.434    0.072   -0.898    0.621   -0.746    0.241   -0.653   -0.662   -0.368   25.800   28.246    2.877      4
  -0.636    0.544    0.548    0.445    0.838   -0.316   -0.631    0.043   -0.775   48.600    5.446   43.677      5
  -0.852   -0.518   -0.074    0.481   -0.832    0.277   -0.205    0.200    0.958   43.800   28.246   32.877      6
   0.168    0.776    0.607    0.531   -0.591    0.607    0.830    0.220   -0.512   25.800  -12.554    8.877      7
  -0.705    0.060    0.707    0.702   -0.082    0.707    0.100    0.995    0.016   19.800   -2.954  -11.523      8
   0.163   -0.260    0.952   -0.891    0.377    0.255   -0.425   -0.889   -0.170   77.400    3.046   16.077      9
   0.041    0.104    0.994    0.931   -0.366   -0.000    0.363    0.925   -0.112   75.000   18.646   12.477     10
   0.606   -0.448    0.657   -0.455   -0.873   -0.176    0.653   -0.192   -0.733   45.000   22.246   44.877     11
   0.054    0.724   -0.688    0.952   -0.246   -0.184   -0.303   -0.644   -0.702   15.000   11.446    1.677     12
   0.546   -0.369   -0.752   -0.832   -0.345   -0.434   -0.099    0.863   -0.496   33.000   -8.954   -9.123     13
  -0.990    0.050    0.129    0.020    0.975   -0.223   -0.137   -0.218   -0.966   82.200   19.846   17.277     14
  -0.533    0.807    0.254    0.022    0.314   -0.949   -0.846   -0.501   -0.185   35.400  -17.354    1.677     15
   0.182    0.949   -0.256   -0.207   -0.217   -0.954   -0.961    0.227    0.157   53.400   33.046   20.877     16
   0.453   -0.868   -0.204    0.485    0.432   -0.761    0.748    0.246    0.616   59.400  -12.554   35.277     17
   0.616   -0.787    0.000    0.416    0.325   -0.849    0.669    0.523    0.528   69.000  -10.154   30.477     18
   0.987    0.164    0.000    0.073   -0.440    0.895    0.146   -0.883   -0.446   54.600   35.446   24.477     19
   0.100   -0.995    0.000    0.242    0.024    0.970   -0.965   -0.097    0.243   57.000   31.846    8.877     20
  -0.942    0.337    0.000   -0.169   -0.472    0.865    0.292    0.815    0.501   27.000   27.046   22.077     21
  -0.265   -0.950    0.164   -0.729    0.309    0.611   -0.631    0.043   -0.775   60.600  -20.954   28.077     22
   0.965    0.061   -0.255    0.238    0.200    0.951    0.109   -0.978    0.178   27.000  -13.754    4.077     23
  -0.968   -0.134    0.212    0.251   -0.556    0.792    0.012    0.820    0.572   39.000   31.846   17.277     24
  -0.964    0.162   -0.212   -0.267   -0.549    0.792    0.012    0.820    0.572   24.600   25.846   22.077     25
   0.784   -0.562    0.263   -0.614   -0.645    0.455   -0.086   -0.518   -0.851   41.400   39.046   24.477     26
  -0.691   -0.538    0.482    0.549    0.043    0.835   -0.470    0.842    0.266   63.000   30.646    6.477     27
  -0.484    0.741    0.465   -0.115   -0.581    0.806    0.867    0.337    0.367   43.800   -7.754  -12.723     28
  -0.734   -0.495   -0.465   -0.119   -0.581    0.805   -0.668    0.647    0.367   58.200   -1.754  -18.723     29
  -0.790    0.528    0.312   -0.310   -0.782    0.541    0.530    0.330    0.781   41.400   22.246   38.877     30
  -0.813   -0.539    0.222    0.581   -0.718    0.384   -0.048    0.440    0.897   47.400   28.246   31.677     31
  -0.263   -0.954    0.143    0.943   -0.222    0.248   -0.205    0.200    0.958   41.400  -12.554   -6.723     32
  -0.726   -0.135   -0.675   -0.680    0.286    0.675    0.102    0.949   -0.300   23.400   11.446  -10.323     33
  -0.394   -0.659   -0.641    0.197   -0.742    0.641   -0.898    0.126    0.421   48.600   27.046   42.477     34
  -0.047   -0.766    0.641    0.582    0.500    0.641   -0.812    0.403    0.423   47.400    3.046   52.077     35
   0.908    0.029    0.418   -0.080   -0.967    0.241    0.411   -0.253   -0.876   43.800  -25.754   14.877     36
  -0.671   -0.031   -0.741   -0.506    0.749    0.428    0.542    0.662   -0.518   63.000  -20.954   17.277     37
   0.017    0.540    0.842    0.413   -0.770    0.486    0.910    0.340   -0.236   40.200  -23.354   14.877     38
  -0.499    0.036    0.866    0.861   -0.095    0.500    0.100    0.995    0.016   67.800   27.046   11.277     39
   0.310    0.782   -0.541   -0.790    0.528    0.312    0.530    0.330    0.781   42.600  -16.154  -11.523     40
  -0.706   -0.657   -0.265   -0.694    0.717    0.071    0.143    0.234   -0.962   64.200  -13.754   36.477     41
  -0.559   -0.508    0.655   -0.542    0.822    0.176   -0.628   -0.257   -0.735   69.000   -7.754   -3.123     42
  -0.139    0.643    0.753    0.979   -0.025    0.202    0.148    0.765   -0.626   55.800   19.846  -11.523     43
   0.462   -0.142   -0.876    0.663    0.711    0.235    0.589   -0.689    0.422   64.200   -8.954   -3.123     44
   0.203    0.505    0.839    0.974   -0.017   -0.225   -0.099    0.863   -0.496   67.800   10.246   -7.923     45
   0.360   -0.202   -0.911   -0.864   -0.440   -0.244   -0.351    0.875   -0.333   24.600   -0.554  -10.323     46
   0.141    0.467    0.873   -0.719    0.655   -0.234   -0.681   -0.594    0.428   69.000   -8.954   30.477     47
   0.587    0.381   -0.714   -0.687    0.701   -0.191    0.427    0.603    0.674   24.600  -12.554   26.877     48
  -0.868   -0.444    0.223   -0.478    0.869   -0.129   -0.137   -0.218   -0.966   29.400   33.046   25.677     49
  -0.908   -0.029   -0.418    0.080    0.967   -0.241    0.411   -0.253   -0.876   22.200   -8.954   -1.923     50
  -0.893    0.365   -0.263    0.430    0.864   -0.263    0.131   -0.348   -0.928   23.400   -0.554   -9.123     51
   0.606    0.638    0.475    0.787   -0.393   -0.475   -0.116    0.662   -0.740   54.600    7.846  -16.323     52
  -0.397    0.817    0.417    0.400    0.563   -0.723   -0.826   -0.120   -0.551   43.800   -6.554  -13.923     53
   0.864    0.099    0.494    0.463    0.230   -0.856   -0.199    0.968    0.153   15.000   13.846   12.477     54
   0.788    0.579    0.211    0.487   -0.376   -0.788   -0.377    0.724   -0.578   47.400   -1.754  -17.523     55
  -0.407   -0.876    0.258   -0.048   -0.262   -0.964    0.912   -0.405    0.064   48.600   25.846   43.677     56
  -0.289    0.926    0.243   -0.410    0.109   -0.905   -0.865   -0.361    0.348   43.800   33.046   17.277     57
   0.780    0.626    0.000    0.164   -0.205   -0.965   -0.604    0.753   -0.263   49.800  -11.354   -7.923     58
   0.445    0.896    0.000   -0.378    0.188   -0.906   -0.812    0.403    0.423   35.400  -20.954   12.477     59
   0.282    0.959    0.000    0.703   -0.207    0.680    0.653   -0.192   -0.733   47.400  -20.954   19.677     60
   0.717    0.697    0.000    0.289   -0.298    0.910    0.634   -0.652   -0.415   37.800   -5.354   46.077     61
  -0.928   -0.372    0.000   -0.124    0.309    0.943   -0.351    0.875   -0.333   47.400  -20.954   -7.923     62
   0.902   -0.431    0.000   -0.073   -0.153    0.985   -0.425   -0.889   -0.170   64.200   31.846   20.877     63
  -0.139   -0.990    0.000    0.417   -0.059    0.907   -0.898    0.126    0.421   12.600   -8.954   13.677     64
   0.973   -0.229    0.000    0.137    0.582    0.801   -0.183   -0.780    0.598   45.000  -23.354   11.277     65
   0.650    0.760    0.000   -0.493    0.422    0.761    0.578   -0.495    0.649   46.200   12.646   44.877     66
  -0.529    0.849    0.000   -0.663   -0.413    0.624    0.530    0.330    0.781   33.000   15.046   40.077     67
  -0.985    0.021    0.174    0.131    0.749    0.649   -0.116    0.662   -0.740   66.600   -4.154   36.477     68
  -0.002   -0.976    0.216   -0.564    0.180    0.806   -0.826   -0.120   -0.551   58.200   18.646  -11.523     69
  -0.833    0.508   -0.221    0.117    0.551    0.826    0.542    0.662   -0.518   24.600   21.046   -6.723     70
   0.934    0.272   -0.232    0.326   -0.383    0.865    0.146   -0.883   -0.446   40.200   33.046    4.077     71
   0.768    0.596    0.235    0.094   -0.468    0.879    0.634   -0.652   -0.415   37.800   -2.954   47.277     72
   0.621   -0.746    0.241   -0.434   -0.072    0.898   -0.653   -0.662   -0.368   66.600  -16.154   31.677     73
  -0.796   -0.551    0.250    0.043    0.360    0.932   -0.604    0.753   -0.263   46.200  -22.154   -4.323     74
  -0.949   -0.186   -0.256   -0.278    0.103    0.955   -0.152    0.977   -0.150   45.000  -17.354  -11.523     75
   0.957   -0.133   -0.259    0.257   -0.034    0.966   -0.137   -0.991    0.001   59.400  -16.154   35.277     76
  -0.462   -0.849    0.256    0.246    0.155    0.957   -0.852    0.505    0.137   67.800   27.046    0.477     77
  -0.555    0.793   -0.252   -0.337    0.062    0.939    0.760    0.607    0.233   76.200   25.846    1.677     78
   0.034   -0.967   -0.251    0.259   -0.234    0.937   -0.965   -0.097    0.243   18.600   -6.554  -12.723     79
  -0.877   -0.411   -0.249   -0.101   -0.351    0.931   -0.470    0.842    0.266   31.800   31.846    6.477     80
   0.149    0.958    0.245   -0.359   -0.179    0.916    0.921   -0.225    0.318   36.600   24.646   35.277     81
   0.309    0.919   -0.245   -0.237    0.324    0.916    0.921   -0.225    0.318   34.200   22.246   35.277     82
   0.321   -0.925   -0.203    0.651    0.060    0.756   -0.687   -0.375    0.622   55.800   31.846   20.877     83
  -0.101   -0.990   -0.096    0.925   -0.129    0.358   -0.367   -0.053    0.929   42.600  -14.954   -4.323     84
  -0.266   -0.942    0.205   -0.877    0.324    0.355   -0.401   -0.085   -0.912   66.600  -12.554   37.677     85
   0.914   -0.305   -0.267   -0.157   -0.873    0.462   -0.374   -0.380   -0.846   49.800   -7.754  -17.523     86
   0.328   -0.890   -0.316   -0.703   -0.454    0.548   -0.631    0.043   -0.775   75.000  -14.954   19.677     87
  -0.541    0.767    0.345    0.757    0.264    0.598    0.367    0.585   -0.723   11.400   -7.754   16.077     88
   0.665   -0.599    0.446   -0.624   -0.119    0.772   -0.409   -0.792   -0.453   55.800  -10.154   44.877     89
   0.858   -0.120   -0.500    0.495   -0.067    0.866   -0.137   -0.991    0.001   37.800   28.246   32.877     90
  -0.821   -0.306   -0.482   -0.324   -0.445    0.835   -0.470    0.842    0.266   53.400   -4.154  -19.923     91
   0.408   -0.793   -0.452    0.608   -0.133    0.783   -0.681   -0.594    0.428   49.800   33.046   24.477     92
  -0.392    0.862    0.322   -0.656   -0.508    0.558    0.645    0.007    0.764   54.600   28.246   38.877     93
  -0.337   -0.923   -0.185    0.867   -0.381    0.321   -0.367   -0.053    0.929   55.800   23.446   36.477     94
   0.979   -0.098    0.181    0.037    0.949    0.314   -0.203   -0.300    0.932   55.800  -23.354    1.677     95
   0.768   -0.400    0.500   -0.633   -0.591    0.500    0.096   -0.700   -0.707   60.600  -18.554   37.677     96
  -0.784   -0.360    0.506   -0.068    0.860    0.506   -0.617    0.362   -0.698   81.000   25.846   12.477     97
   0.090    0.845   -0.528    0.814    0.243    0.528    0.574   -0.477   -0.666   15.000   18.646   10.077     98
  -0.610    0.569    0.551    0.778    0.300    0.551    0.148    0.765   -0.626   49.800  -24.554   -3.123     99
   0.749   -0.195    0.633   -0.646   -0.427    0.633    0.146   -0.883   -0.446   17.400    3.046   26.877    100