   0.369   -0.844    0.389   -0.739   -0.013    0.673   -0.563   -0.535   -0.629   58.200  -11.354   42.477      1
  -0.734    0.628    0.258   -0.136    0.236   -0.962   -0.666   -0.741   -0.088   34.200  -17.354    4.077      2
   0.152   -0.988    0.000    0.540    0.083    0.837   -0.828   -0.128    0.546   57.000   30.646   17.277      3
   0.434    0.072   -0.898    0.621   -0.746    0.241   -0.653   -0.662   -0.368   25.800   28.246    2.877      4
  -0.636    0.544    0.548    0.445    0.838   -0.316   -0.631    0.043   -0.775   48.600    5.446   43.677      5
  -0.852   -0.518   -0.074    0.481   -0.832    0.277   -0.205    0.200    0.958   43.800   28.246   32.877      6
   0.168    0.776    0.607    0.531   -0.591    0.607    0.830    0.220   -0.512   25.800  -12.554    8.877      7
  -0.705    0.060    0.707    0.702   -0.082    0.707    0.100    0.995    0.016   19.800   -2.954  -11.523      8
   0.163   -0.260    0.952   -0.891    0.377    0.255   -0.425   -0.889   -0.170   77.400    3.046   16.077      9
   0.041    0.104    0.994    0.931   -0.366   -0.000    0.363    0.925   -0.112   75.000   18.646   12.477     10
   0.606   -0.448    0.657   -0.455   -0.873   -0.176    0.653   -0.192   -0.733   45.000   22.246   44.877     11
   0.054    0.724   -0.688    0.952   -0.246   -0.184   -0.303   -0.644   -0.702   15.000   11.446    1.677     12
   0.546   -0.369   -0.752   -0.832   -0.345   -0.434   -0.099    0.863   -0.496   33.000   -8.954   -9.123     13
  -0.990    0.050    0.129    0.020    0.975   -0.223   -0.137   -0.218   -0.966   82.200   19.846   17.277     14
  -0.533    0.807    0.254    0.022    0.314   -0.949   -0.846   -0.501   -0.185   35.400  -17.354    1.677     15
   0.182    0.949   -0.256   -0.207   -0.217   -0.954   -0.961    0.227    0.157   53.400   33.046   20.877     16
   0.453   -0.868   -0.204    0.485    0.432   -0.761    0.748    0.246    0.616   59.400  -12.554   35.277     17
   0.616   -0.787    0.000    0.416    0.325   -0.849    0.669    0.523    0.528   69.000  -10.154   30.477     18
   0.987    0.164    0.000    0.073   -0.440    0.895    0.146   -0.883   -0.446   54.600   35.446   24.477     19
   0.100   -0.995    0.000    0.242    0.024    0.970   -0.965   -0.097    0.243   57.000   31.846    8.877     20
  -0.942    0.337    0.000   -0.169   -0.472    0.865    0.292    0.815    0.501   27.000   27.046   22.077     21
  -0.265   -0.950    0.164   -0.729    0.309    0.611   -0.631    0.043   -0.775   60.600  -20.954   28.077     22
   0.965    0.061   -0.255    0.238    0.200    0.951    0.109   -0.978    0.178   27.000  -13.754    4.077     23
  -0.968   -0.134    0.212    0.251   -0.556    0.792    0.012    0.820    0.572   39.000   31.846   17.277     24
  -0.964    0.162   -0.212   -0.267   -0.549    0.792    0.012    0.820    0.572   24.600   25.846   22.077     25
   0.784   -0.562    0.263   -0.614   -0.645    0.455   -0.086   -0.518   -0.851   41.400   39.046   24.477     26
  -0.691   -0.538    0.482    0.549    0.043    0.835   -0.470    0.842    0.266   63.000   30.646    6.477     27
  -0.484    0.741    0.465   -0.115   -0.581    0.806    0.867    0.337    0.367   43.800   -7.754  -12.723     28
  -0.734   -0.495   -0.465   -0.119   -0.581    0.805   -0.668    0.647    0.367   58.200   -1.754  -18.723     29
  -0.790    0.528    0.312   -0.310   -0.782    0.541    0.530    0.330    0.781   41.400   22.246   38.877     30
  -0.813   -0.539    0.222    0.581   -0.718    0.384   -0.048    0.440    0.897   47.400   28.246   31.677     31
  -0.263   -0.954    0.143    0.943   -0.222    0.248   -0.205    0.200    0.958   41.400  -12.554   -6.723     32
  -0.726   -0.135   -0.675   -0.680    0.286    0.675    0.102    0.949   -0.300   23.400   11.446  -10.323     33
  -0.394   -0.659   -0.641    0.197   -0.742    0.641   -0.898    0.126    0.421   48.600   27.046   42.477     34
  -0.047   -0.766    0.641    0.582    0.500    0.641   -0.812    0.403    0.423   47.400    3.046   52.077     35
   0.908    0.029    0.418   -0.080   -0.967    0.241    0.411   -0.253   -0.876   43.800  -25.754   14.877     36
  -0.671   -0.031   -0.741   -0.506    0.749    0.428    0.542    0.662   -0.518   63.000  -20.954   17.277     37
   0.017    0.540    0.842    0.413   -0.770    0.486    0.910    0.340   -0.236   40.200  -23.354   14.877     38
  -0.499    0.036    0.866    0.861   -0.095    0.500    0.100    0.995    0.016   67.800   27.046   11.277     39
   0.310    0.782   -0.541   -0.790    0.528    0.312    0.530    0.330    0.781   42.600  -16.154  -11.523     40
  -0.706   -0.657   -0.265   -0.694    0.717    0.071    0.143    0.234   -0.962   64.200  -13.754   36.477     41
  -0.559   -0.508    0.655   -0.542    0.822    0.176   -0.628   -0.257   -0.735   69.000   -7.754   -3.123     42
  -0.139    0.643    0.753    0.979   -0.025    0.202    0.148    0.765   -0.626   55.800   19.846  -11.523     43
   0.462   -0.142   -0.876    0.663    0.711    0.235    0.589   -0.689    0.422   64.200   -8.954   -3.123     44
   0.203    0.505    0.839    0.974   -0.017   -0.225   -0.099    0.863   -0.496   67.800   10.246   -7.923     45
   0.360   -0.202   -0.911   -0.864   -0.440   -0.244   -0.351    0.875   -0.333   24.600   -0.554  -10.323     46
   0.141    0.467    0.873   -0.719    0.655   -0.234   -0.681   -0.594    0.428   69.000   -8.954   30.477     47
   0.587    0.381   -0.714   -0.687    0.701   -0.191    0.427    0.603    0.674   24.600  -12.554   26.877     48
  -0.868   -0.444    0.223   -0.478    0.869   -0.129   -0.137   -0.218   -0.966   29.400   33.046   25.677     49
  -0.908   -0.029   -0.418    0.080    0.967   -0.241    0.411   -0.253   -0.876   22.200   -8.954   -1.923     50
  -0.893    0.365   -0.263    0.430    0.864   -0.263    0.131   -0.348   -0.928   23.400   -0.554   -9.123     51
   0.606    0.638    0.475    0.787   -0.393   -0.475   -0.116    0.662   -0.740   54.600    7.846  -16.323     52
  -0.397    0.817    0.417    0.400    0.563   -0.723   -0.826   -0.120   -0.551   43.800   -6.554  -13.923     53
   0.864    0.099    0.494    0.463    0.230   -0.856   -0.199    0.968    0.153   15.000   13.846   12.477     54
   0.788    0.579    0.211    0.487   -0.376   -0.788   -0.377    0.724   -0.578   47.400   -1.754  -17.523     55
  -0.407   -0.876    0.258   -0.048   -0.262   -0.964    0.912   -0.405    0.064   48.600   25.846   43.677     56
  -0.289    0.926    0.243   -0.410    0.109   -0.905   -0.865   -0.361    0.348   43.800   33.046   17.277     57
   0.780    0.626    0.000    0.164   -0.205   -0.965   -0.604    0.753   -0.263   49.800  -11.354   -7.923     58
   0.445    0.896    0.000   -0.378    0.188   -0.906   -0.812    0.403    0.423   35.400  -20.954   12.477     59
   0.282    0.959    0.000    0.703   -0.207    0.680    0.653   -0.192   -0.733   47.400  -20.954   19.677     60
   0.717    0.697    0.000    0.289   -0.298    0.910    0.634   -0.652   -0.415   37.800   -5.354   46.077     61
  -0.928   -0.372    0.000   -0.124    0.309    0.943   -0.351    0.875   -0.333   47.400  -20.954   -7.923     62
   0.902   -0.431    0.000   -0.073   -0.153    0.985   -0.425   -0.889   -0.170   64.200   31.846   20.877     63
  -0.139   -0.990    0.000    0.417   -0.059    0.907   -0.898    0.126    0.421   12.600   -8.954   13.677     64
   0.973   -0.229    0.000    0.137    0.582    0.801   -0.183   -0.780    0.598   45.000  -23.354   11.277     65
   0.650    0.760    0.000   -0.493    0.422    0.761    0.578   -0.495    0.649   46.200   12.646   44.877     66
  -0.529    0.849    0.000   -0.663   -0.413    0.624    0.530    0.330    0.781   33.000   15.046   40.077     67
  -0.985    0.021    0.174    0.131    0.749    0.649   -0.116    0.662   -0.740   66.600   -4.154   36.477     68
  -0.002   -0.976    0.216   -0.564    0.180    0.806   -0.826   -0.120   -0.551   58.200   18.646  -11.523     69
  -0.833    0.508   -0.221    0.117    0.551    0.826    0.542    0.662   -0.518   24.600   21.046   -6.723     70
   0.934    0.272   -0.232    0.326   -0.383    0.865    0.146   -0.883   -0.446   40.200   33.046    4.077     71
   0.768    0.596    0.235    0.094   -0.468    0.879    0.634   -0.652   -0.415   37.800   -2.954   47.277     72
   0.621   -0.746    0.241   -0.434   -0.072    0.898   -0.653   -0.662   -0.368   66.600  -16.154   31.677     73
  -0.796   -0.551    0.250    0.043    0.360    0.932   -0.604    0.753   -0.263   46.200  -22.154   -4.323     74
  -0.949   -0.186   -0.256   -0.278    0.103    0.955   -0.152    0.977   -0.150   45.000  -17.354  -11.523     75
   0.957   -0.133   -0.259    0.257   -0.034    0.966   -0.137   -0.991    0.001   59.400  -16.154   35.277     76
  -0.462   -0.849    0.256    0.246    0.155    0.957   -0.852    0.505    0.137   67.800   27.046    0.477     77
  -0.555    0.793   -0.252   -0.337    0.062    0.939    0.760    0.607    0.233   76.200   25.846    1.677     78
   0.034   -0.967   -0.251    0.259   -0.234    0.937   -0.965   -0.097    0.243   18.600   -6.554  -12.723     79
  -0.877   -0.411   -0.249   -0.101   -0.351    0.931   -0.470    0.842    0.266   31.800   31.846    6.477     80
   0.149    0.958    0.245   -0.359   -0.179    0.916    0.921   -0.225    0.318   36.600   24.646   35.277     81
   0.309    0.919   -0.245   -0.237    0.324    0.916    0.921   -0.225    0.318   34.200   22.246   35.277     82
   0.321   -0.925   -0.203    0.651    0.060    0.756   -0.687   -0.375    0.622   55.800   31.846   20.877     83
  -0.101   -0.990   -0.096    0.925   -0.129    0.358   -0.367   -0.053    0.929   42.600  -14.954   -4.323     84
  -0.266   -0.942    0.205   -0.877    0.324    0.355   -0.401   -0.085   -0.912   66.600  -12.554   37.677     85
   0.914   -0.305   -0.267   -0.157   -0.873    0.462   -0.374   -0.380   -0.846   49.800   -7.754  -17.523     86
   0.328   -0.890   -0.316   -0.703   -0.454    0.548   -0.631    0.043   -0.775   75.000  -14.954   19.677     87
  -0.541    0.767    0.345    0.757    0.264    0.598    0.367    0.585   -0.723   11.400   -7.754   16.077     88
   0.665   -0.599    0.446   -0.624   -0.119    0.772   -0.409   -0.792   -0.453   55.800  -10.154   44.877     89
   0.858   -0.120   -0.500    0.495   -0.067    0.866   -0.137   -0.991    0.001   37.800   28.246   32.877     90
  -0.821   -0.306   -0.482   -0.324   -0.445    0.835   -0.470    0.842    0.266   53.400   -4.154  -19.923     91
   0.408   -0.793   -0.452    0.608   -0.133    0.783   -0.681   -0.594    0.428   49.800   33.046   24.477     92
  -0.392    0.862    0.322   -0.656   -0.508    0.558    0.645    0.007    0.764   54.600   28.246   38.877     93
  -0.337   -0.923   -0.185    0.867   -0.381    0.321   -0.367   -0.053    0.929   55.800   23.446   36.477     94
   0.979   -0.098    0.181    0.037    0.949    0.314   -0.203   -0.300    0.932   55.800  -23.354    1.677     95
   0.768   -0.400    0.500   -0.633   -0.591    0.500    0.096   -0.700   -0.707   60.600  -18.554   37.677     96
  -0.784   -0.360    0.506   -0.068    0.860    0.506   -0.617    0.362   -0.698   81.000   25.846   12.477     97
   0.090    0.845   -0.528    0.814    0.243    0.528    0.574   -0.477   -0.666   15.000   18.646   10.077     98
  -0.610    0.569    0.551    0.778    0.300    0.551    0.148    0.765   -0.626   49.800  -24.554   -3.123     99
   0.749   -0.195    0.633   -0.646   -0.427    0.633    0.146   -0.883   -0.446   17.400    3.046   26.877    100
   0.303    0.703   -0.643    0.712    0.282    0.643    0.634   -0.652   -0.415   15.000   18.646   18.477    101
  -0.682   -0.213   -0.699   -0.715   -0.004    0.699   -0.152    0.977   -0.150   23.400   15.046   -9.123    102
   0.521    0.487   -0.701    0.379    0.604    0.701    0.765   -0.631    0.130   60.600  -14.954   38.877    103
   0.808    0.239   -0.538    0.111    0.835    0.538    0.578   -0.495    0.649   46.200   10.246   44.877    104
  -0.852    0.020    0.523    0.302   -0.797    0.523    0.427    0.603    0.674   49.800   -7.754  -11.523    105
   0.765   -0.436   -0.474    0.639    0.606    0.474    0.080   -0.665    0.743   43.800   13.846   43.677    106
   0.484    0.827   -0.287   -0.780    0.556    0.287    0.397    0.085    0.914   40.200  -13.754  -13.923    107
   0.108    0.606   -0.788    0.766    0.455    0.455    0.634   -0.652   -0.415   51.000   -8.954   46.077    108
   0.132   -0.578    0.805   -0.746    0.477    0.465   -0.653   -0.662   -0.368   25.800   31.846   24.477    109
   0.117   -0.512    0.851   -0.521    0.698    0.491   -0.846   -0.501   -0.185   40.200  -25.754   23.277    110
   0.171   -0.470    0.866   -0.249    0.829    0.500   -0.953   -0.301    0.025   49.800   27.046   43.677    111
   0.547    0.256   -0.797    0.276    0.844    0.460    0.790   -0.471    0.391   43.800   31.846   30.477    112
   0.714    0.654   -0.249    0.686   -0.724    0.067   -0.137   -0.218   -0.966   48.600   27.046   42.477    113
   0.752    0.048    0.657   -0.091   -0.980    0.176    0.653   -0.192   -0.733   70.200   27.046    5.277    114
   0.431    0.270   -0.861    0.804   -0.548    0.231   -0.409   -0.792   -0.453   24.600   25.846    2.877    115
  -0.259    0.011    0.966    0.961   -0.101    0.259    0.100    0.995    0.016   71.400   24.646   11.277    116
   0.261    0.120   -0.958    0.588    0.767    0.257    0.765   -0.631    0.130   25.800    6.646  -21.123    117
  -0.141   -0.467   -0.873    0.719   -0.655    0.234   -0.681   -0.594    0.428   28.200   25.846   30.477    118
  -0.253   -0.964   -0.078    0.967   -0.256    0.021   -0.040   -0.070    0.997   57.000   15.046   42.477    119
   0.703   -0.207    0.680   -0.282   -0.959   -0.000    0.653   -0.192   -0.733   78.600    0.646   12.477    120
  -0.049   -0.291    0.955   -0.986    0.165   -0.000   -0.157   -0.942   -0.295   77.400   -0.554   14.877    121
   0.164   -0.205   -0.965   -0.780   -0.626   -0.000   -0.604    0.753   -0.263   23.400    7.846  -11.523    122
  -0.073   -0.153    0.985   -0.902    0.431   -0.000   -0.425   -0.889   -0.170   77.400   -1.754   16.077    123
   0.585   -0.663    0.466   -0.699   -0.704   -0.125    0.411   -0.253   -0.876   28.200   16.246  -21.123    124
   0.312   -0.446   -0.839   -0.945   -0.237   -0.225   -0.099    0.863   -0.496   27.000    0.646  -13.923    125
   0.461    0.062   -0.885   -0.332   -0.913   -0.237   -0.823    0.403   -0.400   55.800  -17.354   38.877    126
  -0.434   -0.072    0.898   -0.621    0.746   -0.241   -0.653   -0.662   -0.368   30.600   18.646   34.077    127
  -0.045    0.259    0.965    0.011    0.966   -0.259   -0.999   -0.001   -0.046   22.200   11.446   32.877    128
   0.256   -0.041    0.966    0.961   -0.093   -0.259    0.100    0.995    0.016   78.600   10.246   11.277    129
  -0.048   -0.262   -0.964    0.407    0.876   -0.258    0.912   -0.405    0.064   18.600   -2.954  -13.923    130
  -0.193    0.208    0.959   -0.901    0.350   -0.257   -0.389   -0.913    0.120   25.800   28.246   14.877    131
   0.051    0.738   -0.673    0.825   -0.411   -0.389   -0.563   -0.535   -0.629   13.800   12.646    2.877    132
  -0.567   -0.404    0.718   -0.814    0.406   -0.415   -0.124   -0.820   -0.559   63.000  -16.154    6.477    133
   0.400    0.563   -0.723    0.397   -0.817   -0.417   -0.826   -0.120   -0.551   24.600  -19.754   26.877    134
   0.501   -0.092    0.861    0.786   -0.369   -0.497    0.363    0.925   -0.112   75.000    9.046   -1.923    135
   0.334    0.376   -0.864   -0.659   -0.562   -0.499   -0.673    0.737    0.060   18.600   -1.754   -5.523    136
   0.470   -0.265   -0.842   -0.449    0.750   -0.486    0.760    0.607    0.233   21.000  -11.354   20.877    137
   0.149   -0.551   -0.821    0.359    0.804   -0.474    0.921   -0.225    0.318   28.200   -8.954   32.877    138
  -0.618   -0.047    0.785   -0.521   -0.723   -0.453    0.589   -0.689    0.422   76.200    6.646   -9.123    139
  -0.237    0.822    0.518   -0.950   -0.085   -0.299   -0.202   -0.563    0.802   45.000   -5.354   43.677    140
   0.830   -0.247    0.500    0.429    0.856   -0.289   -0.357    0.454    0.817   16.200    5.446    1.677    141
   0.413    0.826   -0.384   -0.909    0.352   -0.222   -0.048    0.440    0.897   34.200   -7.754   37.677    142
   0.725    0.609    0.321   -0.582    0.791   -0.185   -0.367   -0.053    0.929   53.400  -12.554   37.677    143
  -0.898   -0.278   -0.341   -0.158    0.927   -0.341    0.411   -0.253   -0.876   27.000  -11.354   -3.123    144
  -0.042   -0.928   -0.369   -0.910    0.188   -0.369    0.412    0.320   -0.853   37.800  -13.754   -6.723    145
   0.327   -0.809   -0.488   -0.871   -0.057   -0.488    0.367    0.585   -0.723   40.200  -16.154   -3.123    146
   0.302   -0.744    0.596   -0.454   -0.662   -0.596    0.838   -0.091   -0.537   31.800  -20.954   28.077    147
  -0.646   -0.427    0.633   -0.749    0.195   -0.633    0.146   -0.883   -0.446   54.600   30.646   28.077    148
   0.680   -0.286   -0.675   -0.726   -0.135   -0.675    0.102    0.949   -0.300   51.000   10.246   50.877    149
  -0.661   -0.250    0.707   -0.663   -0.246   -0.707    0.350   -0.937   -0.003   66.600   -7.754   36.477    150
   0.582    0.500    0.641    0.047    0.766   -0.641   -0.812    0.403    0.423   16.200   15.046   18.477    151
  -0.289    0.796   -0.532   -0.618   -0.579   -0.532   -0.731    0.175    0.660   12.600   -1.754   17.277    152
   0.243    0.847   -0.472    0.236   -0.524   -0.818   -0.941    0.087   -0.328   40.200   37.846   16.077    153
  -0.362    0.792   -0.491    0.392   -0.349   -0.851   -0.846   -0.501   -0.185   41.400  -23.354   34.077    154
  -0.778   -0.595   -0.204    0.625   -0.696   -0.353    0.068   -0.402    0.913   66.600    3.046   -7.923    155
   0.954   -0.292    0.071   -0.265   -0.927   -0.265    0.143    0.234   -0.962   59.400   15.046  -16.323    156
   0.989    0.108   -0.105    0.059   -0.918   -0.391   -0.138    0.381   -0.914   48.600    6.646  -17.523    157
   0.030    0.994   -0.106    0.916   -0.070   -0.396   -0.401   -0.085   -0.912   45.000  -26.954    1.677    158
   0.889   -0.437   -0.136   -0.441   -0.740   -0.508    0.121    0.512   -0.851   61.800   -8.954   -5.523    159
   0.370   -0.909   -0.194   -0.680   -0.123   -0.723    0.633    0.399   -0.663   40.200   33.046   12.477    160
   0.002    0.976   -0.216    0.564   -0.180   -0.806   -0.826   -0.120   -0.551   58.200  -19.754   36.477    161
   0.332    0.913    0.237    0.461    0.062   -0.885   -0.823    0.403   -0.400   36.600  -26.954   20.877    162
  -0.285    0.926    0.249    0.198    0.311   -0.929   -0.938   -0.216   -0.272   39.000  -23.354   10.077    163
  -0.853    0.456   -0.255    0.304    0.037   -0.952   -0.425   -0.889   -0.170   37.800   28.246   36.477    164
   0.132   -0.957   -0.259   -0.065    0.252   -0.966    0.989    0.144   -0.029   52.200  -19.754   22.077    165
  -0.780   -0.572   -0.256    0.299    0.018   -0.954    0.550   -0.820    0.157   57.000   -8.954  -17.523    166
   0.650   -0.717   -0.252    0.014    0.343   -0.939    0.760    0.607    0.233   55.800  -19.754   20.877    167
   0.840   -0.487   -0.240    0.003    0.447   -0.895    0.543    0.751    0.377   53.400  -18.554   24.477    168
  -0.552    0.800    0.234   -0.482   -0.077   -0.873   -0.681   -0.594    0.428   35.400  -17.354   29.277    169
   0.158    0.977   -0.140   -0.850    0.063   -0.522   -0.502    0.202    0.841   78.600   -5.354   25.677    170
   0.976   -0.217    0.000    0.165    0.740   -0.652    0.141    0.636    0.758   55.800  -12.554   36.477    171
  -0.940   -0.342    0.000   -0.312    0.859    0.405   -0.138    0.381   -0.914   69.000    4.246   38.877    172
   0.640    0.769    0.000    0.512   -0.426    0.746    0.574   -0.477   -0.666   58.200  -13.754  -11.523    173
   0.993    0.118    0.000    0.019   -0.164    0.986    0.116   -0.979   -0.165   55.800   33.046   26.877    174
   0.001   -1.000    0.000   -0.046   -0.000    0.999   -0.999   -0.001   -0.046   55.800   31.846    1.677    175
  -0.804    0.595    0.000   -0.040   -0.054    0.998    0.593    0.802    0.067   82.200   22.246    5.277    176
  -0.400    0.917    0.000   -0.075   -0.033    0.997    0.914    0.398    0.082   31.800   33.046   11.277    177
  -0.816    0.578    0.000   -0.389   -0.550    0.739    0.427    0.603    0.674   21.000   30.646   14.877    178
  -0.976    0.217    0.000   -0.165   -0.740    0.652    0.141    0.636    0.758   54.600   36.646   22.077    179
   0.141   -0.990    0.000    0.766    0.110    0.633   -0.626   -0.090    0.774   16.200   23.446   -0.723    180
  -0.786   -0.618    0.000    0.505   -0.642    0.577   -0.357    0.454    0.817   36.600  -23.354   19.677    181
  -0.373   -0.928    0.000    0.780   -0.314    0.541   -0.502    0.202    0.841   35.400   34.246   13.677    182
   0.142   -0.990    0.000    0.919    0.132    0.371   -0.367   -0.053    0.929   40.200  -14.954   -3.123    183
   0.599    0.800    0.040    0.788   -0.597    0.151    0.145   -0.058   -0.988   51.000   18.646  -15.123    184
  -0.731   -0.682    0.042   -0.669    0.727    0.156   -0.137    0.086   -0.987   66.600   16.246   38.877    185
  -0.030   -0.994    0.106   -0.916    0.070    0.396   -0.401   -0.085   -0.912   58.200   10.246  -16.323    186
   0.154    0.982    0.110    0.893   -0.186    0.409    0.422    0.035   -0.906   60.600  -13.754  -11.523    187
   0.729    0.666   -0.159    0.609   -0.525    0.595    0.312   -0.531   -0.788   54.600  -17.354  -10.323    188
  -0.333   -0.925   -0.185   -0.713    0.118    0.691   -0.617    0.362   -0.698   40.200   39.046   23.277    189
   0.485    0.853   -0.193    0.660   -0.212    0.721    0.574   -0.477   -0.666   48.600  -20.954   17.277    190
   0.783   -0.588   -0.201   -0.262   -0.606    0.751   -0.563   -0.535   -0.629   17.400   30.646    7.677    191
   0.977   -0.001   -0.215    0.175   -0.573    0.801   -0.124   -0.820   -0.559   43.800   34.246    2.877    192
   0.933   -0.288    0.215   -0.337   -0.495    0.801   -0.124   -0.820   -0.559   69.000   28.246   11.277    193
  -0.759   -0.612    0.223   -0.179    0.525    0.832   -0.626    0.591   -0.509   73.800   33.046   20.877    194
   0.912   -0.339   -0.231    0.029   -0.508    0.861   -0.409   -0.792   -0.453   59.400   35.446   16.077    195
   0.972    0.044    0.232   -0.185   -0.467    0.865    0.146   -0.883   -0.446   47.400   -2.954   48.477    196
   0.755   -0.610   -0.241   -0.066   -0.435    0.898   -0.653   -0.662   -0.368   63.000   34.246   14.877    197
  -0.280    0.926    0.252    0.304   -0.163    0.939    0.910    0.340   -0.236   42.600   33.046   13.677    198
   0.490    0.834   -0.254    0.299    0.113    0.948    0.819   -0.540   -0.194   48.600   28.246   29.277    199
   0.574    0.779    0.254    0.014   -0.319    0.948    0.819   -0.540   -0.194   33.000   -6.554   44.877    200
   0.451   -0.856    0.254   -0.285    0.132    0.949   -0.846   -0.501   -0.185   76.200   22.246   11.277    201
   0.891   -0.377   -0.255    0.163   -0.260    0.952   -0.425   -0.889   -0.170   60.600   31.846   20.877    202
   0.588    0.767    0.257   -0.261   -0.120    0.958    0.765   -0.631    0.130   18.600   31.846    7.677    203
   0.640    0.724   -0.257    0.068    0.280    0.958    0.765   -0.631    0.130   34.200   21.046   37.677    204
  -0.332   -0.914    0.235    0.481    0.050    0.875   -0.812    0.403    0.423   54.600   33.046    8.877    205
  -0.953    0.203    0.224    0.081   -0.543    0.836    0.292    0.815    0.501   52.200   36.646   16.077    206
   0.287   -0.933    0.217    0.482    0.336    0.809   -0.828   -0.128    0.546   66.600  -11.354   41.277    207
  -0.453    0.868    0.204   -0.485   -0.432    0.761    0.748    0.246    0.616   35.400   19.846   37.677    208
   0.871   -0.450    0.197    0.172    0.655    0.736   -0.460   -0.607    0.648    9.000   15.046   23.277    209
   0.755    0.625   -0.197   -0.308    0.604    0.735    0.578   -0.495    0.649   46.200  -26.954   16.077    210
  -0.059   -0.979    0.195    0.680    0.103    0.726   -0.731    0.175    0.660   59.400   30.646   20.877    211
  -0.900    0.401   -0.169   -0.412   -0.659    0.630    0.141    0.636    0.758   48.600   33.046  -13.923    212
  -0.062   -0.985   -0.164    0.777   -0.150    0.611   -0.626   -0.090    0.774   52.200   31.846   24.477    213
   0.335   -0.928    0.164    0.704    0.362    0.611   -0.626   -0.090    0.774   64.200  -17.354   36.477    214
   0.375   -0.922    0.096    0.851    0.383    0.358   -0.367   -0.053    0.929   47.400  -26.954   14.877    215
   0.782    0.618    0.078    0.606   -0.784    0.135    0.145   -0.058   -0.988   52.200   17.446  -15.123    216
  -0.990    0.042   -0.137    0.009    0.971    0.237    0.143    0.234   -0.962   43.800   33.046   32.877    217
   0.380    0.900    0.212    0.823   -0.434    0.367    0.422    0.035   -0.906   53.400  -17.354   36.477    218
  -0.941   -0.215   -0.263   -0.317    0.832    0.456    0.121    0.512   -0.851   43.800   18.646   47.277    219
  -0.745    0.613    0.263    0.656    0.602    0.456    0.121    0.512   -0.851   61.800  -11.354   34.077    220
  -0.445   -0.838    0.316   -0.636    0.544    0.548   -0.631    0.043   -0.775   51.000   12.646  -17.523    221
  -0.463   -0.828   -0.317   -0.802    0.238    0.548   -0.379    0.507   -0.774   83.400   19.846   13.677    222
  -0.181    0.909    0.374    0.752   -0.117    0.648    0.633    0.399   -0.663    7.800    3.046   20.877    223
  -0.148   -0.897    0.417   -0.544    0.426    0.723   -0.826   -0.120   -0.551   77.400   10.246   -0.723    224
  -0.882    0.128   -0.454   -0.330    0.522    0.787    0.338    0.843   -0.417   75.000   30.646   18.477    225
  -0.845    0.242    0.477    0.525    0.205    0.826    0.102    0.949   -0.300   48.600   18.646   48.477    226
   0.745   -0.450    0.493   -0.515    0.083    0.853   -0.425   -0.889   -0.170   75.000   21.046   19.677    227
   0.628    0.600   -0.496    0.457    0.232    0.859    0.630   -0.766   -0.129   24.600   22.246   31.677    228
  -0.022   -0.866    0.499   -0.041    0.500    0.865   -0.999   -0.001   -0.046   76.200   17.446    4.077    229
  -0.772   -0.393   -0.500   -0.463   -0.190    0.865   -0.436    0.899   -0.035   30.600   25.846   -9.123    230
   0.811    0.305   -0.500    0.469    0.173    0.866    0.350   -0.937   -0.003   64.200   -8.954   41.277    231
   0.858   -0.118    0.500   -0.495    0.070    0.866   -0.137   -0.991    0.001   47.400   39.046   22.077    232
  -0.862    0.079    0.500    0.496   -0.064    0.866    0.100    0.995    0.016   54.600  -19.754   13.677    233
   0.249   -0.829   -0.500    0.171   -0.470    0.866   -0.953   -0.301    0.025   19.800   -5.354   36.477    234
  -0.619   -0.606    0.499    0.404    0.299    0.864   -0.673    0.737    0.060   49.800   29.446   -5.523    235
  -0.384    0.777    0.498    0.135   -0.487    0.863    0.914    0.398    0.082   40.200   35.446   12.477    236
   0.763    0.417   -0.494    0.340    0.391    0.855    0.550   -0.820    0.157   61.800   -8.954   44.877    237
   0.732   -0.473    0.490   -0.280    0.447    0.849   -0.621   -0.759    0.195   16.200   -2.954   18.477    238
   0.828   -0.300   -0.473    0.539    0.194    0.820   -0.154   -0.934    0.322   42.600   23.446   38.877    239
   0.088   -0.887    0.453    0.431    0.444    0.785   -0.898    0.126    0.421    7.800   -0.554   13.677    240
   0.669   -0.589   -0.453    0.612    0.091    0.785   -0.421   -0.803    0.421   58.200   27.046   32.877    241
  -0.894   -0.020   -0.449   -0.379   -0.503    0.777   -0.241    0.864    0.442   54.600  -14.954   41.277    242
  -0.882   -0.233   -0.410   -0.148   -0.689    0.710   -0.447    0.687    0.573   30.600   33.046    8.877    243
   0.912    0.093    0.401   -0.368    0.619    0.694   -0.183   -0.780    0.598   19.800   28.246    0.477    244
   0.141   -0.909   -0.391    0.712   -0.181    0.678   -0.687   -0.375    0.622   51.000   30.646   30.477    245
  -0.523   -0.765   -0.376    0.439   -0.619    0.651   -0.731    0.175    0.660   52.200    7.846   53.277    246
  -0.932    0.114   -0.345   -0.312   -0.738    0.598   -0.186    0.665    0.723   24.600  -11.354   34.077    247
   0.815    0.472    0.335   -0.573    0.578    0.580    0.080   -0.665    0.743   45.000  -28.154   17.277    248
  -0.261   -0.912   -0.316    0.735   -0.400    0.548   -0.626   -0.090    0.774   64.200   29.446   31.677    249
  -0.992    0.075    0.101   -0.057   -0.983    0.175    0.113    0.168    0.979   36.600  -26.954   10.077    250
   0.068   -0.860   -0.506   -0.784   -0.360    0.506   -0.617    0.362   -0.698   82.200    1.846   28.077    251
  -0.545   -0.605    0.580   -0.246    0.777    0.580   -0.801    0.174   -0.572   45.000    1.846   44.877    252
  -0.224   -0.761   -0.609   -0.747   -0.267    0.609   -0.626    0.591   -0.509   81.000   -0.554   22.077    253
   0.617    0.485    0.620   -0.006   -0.785    0.620    0.787   -0.386   -0.481   49.800  -25.754    7.677    254
   0.025   -0.782    0.623   -0.620    0.477    0.623   -0.784   -0.402   -0.473   77.400    7.846    2.877    255
  -0.169    0.741    0.649    0.631   -0.425    0.649    0.758    0.519   -0.396   40.200   34.246   -3.123    256
   0.686   -0.311   -0.657    0.320   -0.682    0.657   -0.653   -0.662   -0.368   36.600   30.646   -3.123    257
   0.663   -0.322    0.676   -0.732   -0.090    0.676   -0.157   -0.942   -0.295   59.400    0.646  -17.523    258
  -0.029   -0.732    0.680   -0.346    0.646    0.680   -0.938   -0.216   -0.272   43.800  -25.754   20.877    259
   0.025    0.729   -0.684    0.366    0.630    0.684    0.930   -0.268   -0.251   47.400  -19.754   36.477    260
   0.488    0.520   -0.701    0.604    0.379    0.701    0.630   -0.766   -0.129   54.600  -12.554   43.677    261
  -0.625   -0.331   -0.707   -0.647   -0.286    0.707   -0.436    0.899   -0.035   23.400   17.446   -9.123    262
   0.108    0.699   -0.707    0.086    0.702    0.707    0.990   -0.138    0.016   63.000  -11.354   42.477    263
  -0.671   -0.248    0.699    0.714    0.036    0.699   -0.199    0.968    0.153   30.600   -2.954  -18.723    264
   0.649    0.302   -0.698    0.525    0.486    0.698    0.550   -0.820    0.157   27.000   16.246   36.477    265
  -0.054   -0.714    0.698    0.270    0.663    0.698   -0.961    0.227    0.157   73.800   18.646    4.077    266
   0.717   -0.047   -0.696    0.689    0.204    0.696    0.109   -0.978    0.178   19.800   -2.954  -13.923    267
   0.635   -0.341    0.694   -0.460    0.554    0.694   -0.621   -0.759    0.195   42.600  -24.554   26.877    268
  -0.570    0.450    0.688    0.312   -0.655    0.688    0.760    0.607    0.233   46.200  -24.554   10.077    269
  -0.240    0.690    0.683   -0.123   -0.720    0.683    0.963    0.080    0.258   49.800  -22.154   -0.723    270
  -0.692    0.263   -0.672   -0.719   -0.174    0.672    0.060    0.949    0.309   57.000   -2.954  -17.523    271
   0.197   -0.742    0.641    0.394    0.659    0.641   -0.898    0.126    0.421   59.400  -19.754   -3.123    272
   0.732    0.232   -0.641    0.343    0.686    0.641    0.589   -0.689    0.422   49.800   22.246   38.877    273
  -0.582   -0.500   -0.641   -0.047   -0.766    0.641   -0.812    0.403    0.423   27.000   28.246    7.677    274
   0.237   -0.732   -0.639    0.693   -0.333    0.639   -0.681   -0.594    0.428   59.400   -7.754   47.277    275
   0.193    0.808   -0.557   -0.635    0.535    0.557    0.748    0.246    0.616   42.600  -19.754   -7.923    276
  -0.789   -0.294   -0.539   -0.055   -0.840    0.539   -0.612    0.455    0.647   30.600   33.046   13.677    277
   0.095    0.892   -0.441   -0.843    0.308    0.441    0.530    0.330    0.781   39.000  -14.954  -11.523    278
   0.474   -0.772   -0.423    0.857    0.295    0.423   -0.202   -0.563    0.802   57.000   19.846   41.277    279
  -0.973   -0.182    0.143    0.202   -0.969    0.143    0.113    0.168    0.979   51.000   24.646   40.077    280
   0.964    0.261    0.057   -0.264    0.963    0.057   -0.040   -0.070    0.997   27.000   15.046  -12.723    281
  -0.199   -0.915   -0.351   -0.970    0.134    0.203   -0.138    0.381   -0.914   30.600   36.646   19.677    282
  -0.757   -0.264   -0.598   -0.541    0.767    0.345    0.367    0.585   -0.723   66.600  -19.754   20.877    283
   0.211    0.669   -0.713    0.898    0.155    0.412    0.386   -0.727   -0.568   60.600  -17.354   19.677    284
   0.422   -0.554    0.718   -0.898   -0.147    0.415   -0.124   -0.820   -0.559   78.600   10.246   12.477    285
  -0.448   -0.483   -0.752   -0.889    0.147    0.434   -0.099    0.863   -0.496   28.200    9.046  -15.123    286
  -0.330    0.522    0.787    0.882   -0.128    0.454    0.338    0.843   -0.417   57.000   24.646   -9.123    287
  -0.357   -0.454   -0.817   -0.866   -0.168    0.472   -0.351    0.875   -0.333   24.600   11.446  -11.523    288
   0.342   -0.434   -0.833    0.062   -0.874    0.481   -0.938   -0.216   -0.272   36.600   30.646   -6.723    289
   0.135    0.510   -0.850    0.558    0.670    0.490    0.819   -0.540   -0.194   59.400   36.646   12.477    290
  -0.404   -0.299   -0.864   -0.619   -0.606    0.499   -0.673    0.737    0.060   23.400   22.246   -6.723    291
   0.191   -0.474   -0.860    0.534   -0.684    0.496   -0.823   -0.554    0.122   60.600  -18.554   19.677    292
   0.514   -0.098   -0.852    0.851    0.185    0.492    0.109   -0.978    0.178   21.000   -5.354  -13.923    293
   0.280   -0.447   -0.849    0.732   -0.473    0.490   -0.621   -0.759    0.195   60.600  -18.554   16.077    294
  -0.482    0.299   -0.824   -0.874   -0.100    0.475    0.060    0.949    0.309   57.000   -1.754  -18.723    295
   0.618    0.047   -0.785    0.521    0.723    0.453    0.589   -0.689    0.422   21.000    9.046  -16.323    296
  -0.550   -0.285   -0.785   -0.196   -0.870    0.453   -0.812    0.403    0.423   76.200    3.046   25.677    297
   0.105   -0.611    0.785    0.575    0.682    0.453   -0.812    0.403    0.423   47.400    3.046   52.077    298
   0.237   -0.822   -0.518    0.950    0.085    0.299   -0.202   -0.563    0.802   37.800   21.046   38.877    299
   0.669    0.654   -0.352   -0.628    0.751    0.203    0.397    0.085    0.914   43.800  -13.754  -13.923    300
   0.057    0.983   -0.175   -0.992    0.075    0.101    0.113    0.168    0.979   36.600   30.646   38.877    301
  -0.680   -0.123   -0.723   -0.370    0.909    0.194    0.633    0.399   -0.663   19.800   -6.554   -4.323    302
  -0.028    0.606   -0.795    0.922    0.323    0.213    0.386   -0.727   -0.568   51.000   -2.954   48.477    303
  -0.488    0.313   -0.815    0.242    0.945    0.218    0.838   -0.091   -0.537   54.600  -19.754   35.277    304
  -0.289   -0.439    0.851   -0.550    0.804    0.228   -0.784   -0.402   -0.473   36.600  -19.754   34.077    305
  -0.090    0.471    0.878    0.937   -0.259    0.235    0.338    0.843   -0.417   65.400   23.446   -1.923    306
  -0.094    0.468   -0.879    0.768    0.596    0.235    0.634   -0.652   -0.415   13.800   10.246   14.877    307
  -0.043   -0.360   -0.932   -0.796   -0.551    0.250   -0.604    0.753   -0.263   23.400   10.246  -10.323    308
  -0.014    0.319   -0.948    0.574    0.779    0.254    0.819   -0.540   -0.194   31.800    6.646  -24.723    309
   0.304    0.037   -0.952    0.853   -0.456    0.255   -0.425   -0.889   -0.170   76.200   12.646   38.877    310
  -0.201    0.196    0.960    0.910   -0.326    0.257    0.363    0.925   -0.112   23.400  -13.754    7.677    311
   0.249   -0.110   -0.962    0.704   -0.662    0.258   -0.666   -0.741   -0.088   78.600   15.046   36.477    312
   0.193   -0.208   -0.959    0.901   -0.350    0.257   -0.389   -0.913    0.120   24.600   22.246   32.877    313
   0.040   -0.481   -0.876    0.906   -0.352    0.235   -0.421   -0.803    0.421   29.400   22.246   34.077    314
  -0.364    0.342   -0.867   -0.900   -0.370    0.232   -0.241    0.864    0.442   57.000  -24.554   30.477    315
   0.242    0.518   -0.820   -0.703    0.676    0.220    0.669    0.523    0.528   18.600    1.846   29.277    316
   0.491   -0.416   -0.765    0.799    0.565    0.205    0.347   -0.712    0.610   48.600   27.046   37.677    317
   0.347   -0.581    0.736    0.711    0.675    0.197   -0.612    0.455    0.647   73.800   24.646   23.277    318
  -0.094    0.771   -0.630   -0.986    0.018    0.169    0.141    0.636    0.758   61.800   -6.554   43.677    319
  -0.741    0.250    0.623   -0.187   -0.968    0.167    0.645    0.007    0.764    7.800   15.046    7.677    320
   0.505    0.642    0.577   -0.839    0.521    0.155   -0.202   -0.563    0.802   51.000   22.246   47.277    321
   0.512    0.819   -0.257    0.848   -0.530   -0.000   -0.137   -0.218   -0.966   76.200   10.246   -4.323    322
  -0.512   -0.819    0.257   -0.848    0.530   -0.000   -0.137   -0.218   -0.966   51.000    1.846  -17.523    323
  -0.593   -0.603    0.533   -0.713    0.701   -0.000   -0.374   -0.380   -0.846   69.000   36.646   11.277    324
   0.385    0.612    0.690    0.847   -0.532   -0.000    0.367    0.585   -0.723   59.400  -11.354   42.477    325
  -0.096    0.701   -0.707    0.991    0.135   -0.000    0.096   -0.700   -0.707   13.800   10.246    5.277    326
   0.602   -0.353   -0.716   -0.506   -0.863   -0.000   -0.617    0.362   -0.698   43.800   31.846   37.677    327
  -0.512    0.426   -0.746    0.640    0.769   -0.000    0.574   -0.477   -0.666   53.400   -1.754   49.677    328
  -0.561   -0.354   -0.749   -0.533    0.846   -0.000    0.633    0.399   -0.663   64.200   -2.954  -18.723    329
   0.119    0.615    0.780    0.982   -0.190   -0.000    0.148    0.765   -0.626   59.400   18.646  -11.523    330
   0.208    0.403   -0.891    0.888   -0.459   -0.000   -0.409   -0.792   -0.453   15.000   16.246    7.677    331
  -0.326   -0.224   -0.918   -0.565    0.825   -0.000    0.758    0.519   -0.396   53.400  -22.154   -6.723    332
   0.023   -0.148   -0.989   -0.988   -0.153   -0.000   -0.152    0.977   -0.150   19.800   -0.554   -6.723    333
   0.119   -0.039   -0.992   -0.312   -0.950   -0.000   -0.942    0.310   -0.126   55.800  -19.754   34.077    334
   0.100   -0.083   -0.992    0.636    0.772   -0.000    0.765   -0.631    0.130   25.800    4.246  -21.123    335
   0.274   -0.321   -0.906    0.760    0.650   -0.000    0.589   -0.689    0.422   79.800   -1.754   19.677    336
  -0.323   -0.282   -0.904    0.658   -0.753   -0.000   -0.681   -0.594    0.428   75.000   29.446   20.877    337
   0.416    0.325   -0.849   -0.616    0.787   -0.000    0.669    0.523    0.528   18.600   -2.954   26.877    338
  -0.313    0.480   -0.820   -0.838   -0.546   -0.000   -0.447    0.687    0.573   75.000   19.846   12.477    339
  -0.586   -0.193    0.787    0.313   -0.950   -0.000    0.748    0.246    0.616   27.000   30.646   -6.723    340
  -0.195    0.696   -0.691   -0.963   -0.270   -0.000   -0.186    0.665    0.723   12.600    7.846   22.077    341
  -0.650   -0.490   -0.581    0.602   -0.798   -0.000   -0.464   -0.350    0.814   69.000   30.646    0.477    342
   0.152   -0.900   -0.407    0.986    0.167   -0.000    0.068   -0.402    0.913   22.200   23.446  -13.923    343
   0.685   -0.670    0.286    0.699    0.715   -0.000   -0.205    0.200    0.958   12.600   -2.954   30.477    344
  -0.714   -0.654    0.249   -0.686    0.724   -0.067   -0.137   -0.218   -0.966   52.200   -5.354  -12.723    345
  -0.916    0.070    0.396    0.030    0.994   -0.106   -0.401   -0.085   -0.912   41.400   -2.954  -16.323    346
  -0.120    0.853   -0.507    0.989    0.059   -0.136   -0.086   -0.518   -0.851   39.000  -20.954   36.477    347
