   0.790   -0.528   -0.312    0.310    0.782   -0.541    0.530    0.330    0.781   45.690   -3.618   76.601   1801
  -0.950   -0.085   -0.299    0.237   -0.822   -0.518   -0.202   -0.563    0.802   30.090   -4.818   73.001   1802
   0.964   -0.120   -0.238    0.012    0.911   -0.412    0.267    0.395    0.879   31.290  -13.218   69.401   1803
  -0.778   -0.595   -0.204    0.625   -0.696   -0.353    0.068   -0.402    0.913   -8.310   17.982   57.401   1804
  -0.979    0.098   -0.181   -0.037   -0.949   -0.314   -0.203   -0.300    0.932    8.490   41.982   58.601   1805
  -0.084   -0.986   -0.146    0.966   -0.045   -0.253    0.243   -0.163    0.956   40.890   17.982   32.201   1806
   0.447   -0.889    0.101    0.887    0.426   -0.175    0.113    0.168    0.979   44.490  -19.218   34.601   1807
  -0.124   -0.991    0.040   -0.982    0.117   -0.151    0.145   -0.058   -0.988   48.090   -4.818   73.001   1808
  -0.686    0.724   -0.067    0.714    0.654   -0.249   -0.137   -0.218   -0.966   48.090   17.982   33.401   1809
   0.954   -0.292    0.071   -0.265   -0.927   -0.265    0.143    0.234   -0.962   14.490   39.582   34.601   1810
  -0.819   -0.566    0.096   -0.558    0.748   -0.359    0.131   -0.348   -0.928   21.690    1.182   28.601   1811
   0.664    0.738   -0.119    0.629   -0.638   -0.444   -0.403    0.220   -0.888   25.290  -14.418   52.601   1812
  -0.989   -0.059    0.136   -0.120    0.853   -0.507   -0.086   -0.518   -0.851   15.690   -0.018   31.001   1813
  -0.535    0.833   -0.138    0.757    0.401   -0.515   -0.374   -0.380   -0.846   39.690   17.982   31.001   1814
   0.344   -0.923    0.173   -0.667   -0.370   -0.647    0.661    0.107   -0.743   61.290   19.182   63.401   1815
   0.917   -0.355    0.179   -0.153   -0.729   -0.667    0.367    0.585   -0.723   34.890   11.982   25.001   1816
  -0.485   -0.853    0.193   -0.660    0.212   -0.721    0.574   -0.477   -0.666   26.490  -13.218   49.001   1817
  -0.547    0.812   -0.201    0.619    0.231   -0.751   -0.563   -0.535   -0.629   25.290   16.782   91.001   1818
  -0.783    0.588    0.201    0.262    0.606   -0.751   -0.563   -0.535   -0.629   45.690   20.382   32.201   1819
  -0.933    0.288   -0.215    0.337    0.495   -0.801   -0.124   -0.820   -0.559   14.490  -10.818   56.201   1820
   0.002    0.976   -0.216    0.564   -0.180   -0.806   -0.826   -0.120   -0.551   18.090   -7.218   40.601   1821
  -0.242   -0.945   -0.218   -0.488    0.313   -0.815    0.838   -0.091   -0.537   12.090   13.182   27.401   1822
   0.663   -0.715   -0.221   -0.517   -0.224   -0.826    0.542    0.662   -0.518    9.690   44.382   64.601   1823
   0.376   -0.900    0.222   -0.411   -0.377   -0.830    0.830    0.220   -0.512   27.690   -8.418   64.601   1824
   0.974   -0.017   -0.225   -0.203   -0.505   -0.839   -0.099    0.863   -0.496   38.490   13.182   21.401   1825
  -0.538   -0.812   -0.227   -0.303    0.437   -0.847    0.787   -0.386   -0.481    0.090   -3.618   52.601   1826
  -0.314   -0.922    0.227   -0.531   -0.027   -0.847    0.787   -0.386   -0.481   50.490   29.982   57.401   1827
  -0.972   -0.044   -0.232    0.185    0.467   -0.865    0.146   -0.883   -0.446   50.490   22.782   31.001   1828
   0.937   -0.259    0.235    0.090   -0.471   -0.878    0.338    0.843   -0.417   33.690    8.382   23.801   1829
  -0.768   -0.596   -0.235   -0.094    0.468   -0.879    0.634   -0.652   -0.415   -1.110   -1.218   49.001   1830
   0.174    0.954   -0.245    0.291   -0.287   -0.913   -0.941    0.087   -0.328   12.090   39.582   46.601   1831
   0.103   -0.963    0.247   -0.280   -0.267   -0.922    0.954    0.026   -0.297   30.090   -8.418   67.001   1832
  -0.148    0.957   -0.249    0.314   -0.193   -0.929   -0.938   -0.216   -0.272   34.890   19.182   29.801   1833
  -0.285    0.926    0.249    0.198    0.311   -0.929   -0.938   -0.216   -0.272   39.690   23.982   34.601   1834
   0.711    0.657    0.250    0.361   -0.036   -0.932   -0.604    0.753   -0.263   -5.910   11.982   44.201   1835
  -0.490   -0.834    0.254   -0.299   -0.113   -0.948    0.819   -0.540   -0.194   24.090  -10.818   46.601   1836
  -0.853    0.456   -0.255    0.304    0.037   -0.952   -0.425   -0.889   -0.170   57.690   26.382   44.201   1837
  -0.891    0.377    0.255   -0.163    0.260   -0.952   -0.425   -0.889   -0.170    9.690    7.182   32.201   1838
   0.527    0.811    0.255    0.277    0.120   -0.953   -0.804    0.573   -0.161   48.090   26.382   45.401   1839
   0.910   -0.326    0.257    0.201   -0.196   -0.960    0.363    0.925   -0.112   40.890    1.182   76.601   1840
  -0.704    0.662   -0.258    0.249   -0.110   -0.962   -0.666   -0.741   -0.088   46.890   17.982   29.801   1841
  -0.013    0.966    0.259    0.044    0.259   -0.965   -0.999   -0.001   -0.046   39.690   17.982   31.001   1842
   0.011    0.966   -0.259    0.045   -0.259   -0.965   -0.999   -0.001   -0.046   52.890   25.182   46.601   1843
   0.132   -0.957   -0.259   -0.065    0.252   -0.966    0.989    0.144   -0.029   67.290   -3.618   38.201   1844
   0.147   -0.955    0.259    0.010   -0.260   -0.966    0.989    0.144   -0.029   32.490   -6.018   71.801   1845
  -0.137   -0.956    0.259   -0.021   -0.258   -0.966    0.990   -0.138    0.016   10.890   40.782   47.801   1846
  -0.129   -0.957   -0.259    0.051    0.254   -0.966    0.990   -0.138    0.016   16.890   43.182   49.001   1847
   0.787   -0.560   -0.258   -0.170    0.206   -0.964    0.593    0.802    0.067   14.490    1.182   31.001   1848
   0.367   -0.894    0.258    0.176   -0.206   -0.963    0.914    0.398    0.082   34.890   20.382   28.601   1849
  -0.901    0.350   -0.257    0.193   -0.208   -0.959   -0.389   -0.913    0.120   14.490   -9.618   50.201   1850
  -0.566    0.784   -0.257    0.046   -0.281   -0.959   -0.823   -0.554    0.122   20.490   -6.018   69.401   1851
  -0.825   -0.504    0.256   -0.131   -0.270   -0.954    0.550   -0.820    0.157   16.890   -8.418   62.201   1852
  -0.780   -0.572   -0.256    0.299    0.018   -0.954    0.550   -0.820    0.157   28.890  -14.418   61.001   1853
   0.261    0.931    0.256   -0.088    0.287   -0.954   -0.961    0.227    0.157   38.490   15.582   27.401   1854
  -0.716    0.651    0.254   -0.320    0.018   -0.947   -0.621   -0.759    0.195   22.890   43.182   56.201   1855
  -0.159    0.955   -0.251   -0.207   -0.281   -0.937   -0.965   -0.097    0.243   13.290   -7.218   68.201   1856
   0.146   -0.957   -0.250    0.227    0.278   -0.933    0.963    0.080    0.258   21.690   19.182   22.601   1857
   0.013   -0.968    0.250    0.269   -0.237   -0.933    0.963    0.080    0.258    9.690   39.582   44.201   1858
   0.810    0.531   -0.249   -0.351    0.098   -0.931   -0.470    0.842    0.266   -4.710   21.582   81.401   1859
   0.959   -0.140    0.246    0.277    0.282   -0.919    0.060    0.949    0.309   52.890   15.582   31.001   1860
  -0.967    0.075   -0.245    0.205   -0.349   -0.914   -0.154   -0.934    0.322   15.690   -8.418   55.001   1861
  -0.934   -0.261    0.243   -0.123   -0.404   -0.907    0.334   -0.877    0.345   18.090   -8.418   65.801   1862
  -0.871   -0.428   -0.243    0.361   -0.219   -0.907    0.334   -0.877    0.345   52.890   27.582   56.201   1863
  -0.456    0.856   -0.243   -0.211   -0.369   -0.905   -0.865   -0.361    0.348   30.090   14.382   28.601   1864
   0.726   -0.645    0.240    0.423    0.143   -0.895    0.543    0.751    0.377   43.290   15.582   29.801   1865
  -0.582   -0.778    0.238    0.192   -0.416   -0.889    0.790   -0.471    0.391   28.890   -6.018   70.601   1866
  -0.663   -0.711   -0.235    0.462   -0.142   -0.876    0.589   -0.689    0.422   19.290   40.782   44.201   1867
  -0.805   -0.545    0.235    0.068   -0.478   -0.876    0.589   -0.689    0.422   51.690   25.182   65.801   1868
  -0.719    0.655   -0.234   -0.141   -0.467   -0.873   -0.681   -0.594    0.428   18.090  -10.818   56.201   1869
   0.488   -0.845    0.220    0.561    0.111   -0.820    0.669    0.523    0.528   15.690   29.982   87.401   1870
   0.964   -0.162    0.212    0.267    0.549   -0.792    0.012    0.820    0.572   16.890   10.782   27.401   1871
  -0.799   -0.565   -0.205    0.491   -0.416   -0.765    0.347   -0.712    0.610   46.890   17.982   31.001   1872
  -0.937   -0.281    0.205    0.026   -0.643   -0.765    0.347   -0.712    0.610   51.690   20.382   71.801   1873
  -0.165   -0.965   -0.204    0.644    0.051   -0.763    0.746   -0.258    0.613    9.690   -7.218   51.401   1874
   0.391    0.899    0.195   -0.559    0.400   -0.726   -0.731    0.175    0.660   -7.110   25.182   74.201   1875
   0.880    0.441   -0.179   -0.438    0.603   -0.667   -0.186    0.665    0.723   21.690   -0.018   26.201   1876
  -0.187   -0.968    0.167    0.741   -0.250   -0.623    0.645    0.007    0.764   -4.710   26.382   75.401   1877
  -0.335    0.928   -0.164   -0.704   -0.362   -0.611   -0.626   -0.090    0.774   21.690   10.782   28.601   1878
   0.339   -0.927    0.162    0.777    0.179   -0.603    0.530    0.330    0.781   55.290   25.182   46.601   1879
  -0.979    0.130   -0.155   -0.018   -0.816   -0.577   -0.202   -0.563    0.802   37.290   11.982   23.801   1880
  -0.750    0.644   -0.150   -0.472   -0.680   -0.561   -0.464   -0.350    0.814   28.890   -8.418   70.601   1881
   0.928   -0.352   -0.123    0.261    0.849   -0.460    0.267    0.395    0.879   27.690  -13.218   61.001   1882
   0.935    0.335   -0.115   -0.351    0.833   -0.428   -0.048    0.440    0.897   18.090    1.182   29.801   1883
  -0.375    0.922   -0.096   -0.851   -0.383   -0.358   -0.367   -0.053    0.929   64.890   -1.218   69.401   1884
  -0.331   -0.941   -0.076    0.912   -0.298   -0.283    0.243   -0.163    0.956   39.690   14.382   27.401   1885
  -0.710    0.704    0.021   -0.703   -0.707   -0.078   -0.040   -0.070    0.997    7.290   -0.018   80.201   1886
  -0.967    0.256   -0.021   -0.253   -0.964   -0.078   -0.040   -0.070    0.997   30.090  -13.218   56.201   1887
  -0.374   -0.927    0.000   -0.916    0.370   -0.156    0.145   -0.058   -0.988   24.090   -8.418   31.001   1888
   0.479    0.878    0.000    0.780   -0.425   -0.460   -0.403    0.220   -0.888   55.290   21.582   58.601   1889
   0.067    0.998    0.000    0.773   -0.052   -0.633   -0.631    0.043   -0.775   43.290   28.782   38.201   1890
  -0.379    0.925    0.000    0.680    0.278   -0.678   -0.628   -0.257   -0.735   26.490  -14.418   51.401   1891
   0.506    0.863    0.000    0.602   -0.353   -0.716   -0.617    0.362   -0.698   19.290   -4.818   34.601   1892
  -0.689    0.725    0.000    0.456    0.433   -0.777   -0.563   -0.535   -0.629   16.890   41.982   57.401   1893
   0.887    0.462    0.000    0.267   -0.513   -0.816   -0.377    0.724   -0.578   19.290   43.182   53.801   1894
  -0.107   -0.994    0.000   -0.534    0.058   -0.843    0.838   -0.091   -0.537    8.490   45.582   57.401   1895
   0.774   -0.633    0.000   -0.328   -0.401   -0.855    0.542    0.662   -0.518   57.690    7.182   71.801   1896
   0.687    0.727    0.000    0.370   -0.349   -0.861   -0.626    0.591   -0.509   16.890   40.782   43.001   1897
  -0.456    0.890    0.000    0.421    0.216   -0.881   -0.784   -0.402   -0.473   16.890   43.182   58.601   1898
   0.928   -0.372    0.000   -0.155   -0.387   -0.909    0.338    0.843   -0.417   36.090   11.982   23.801   1899
   0.565   -0.825    0.000   -0.326   -0.224   -0.918    0.758    0.519   -0.396    9.690   41.982   58.601   1900